ttj50000 (pt40)     259.029465
ttj50000_pt80       120.642041
ttj50000_pt10       727.7
ttj100000           258.9
ttj100000_eta3      233.923699
bkg_1       0.017120891
bkg_2       0.01883237
bkg_3       0.02008674
bkg_4       0.022096349999999997

inclusive:
50      0.08800288, 
300     0.0878576, 
1000    0.0923017, 
2000    0.09592004, 
3000    0.09589373000000001, 
10000   0.09378335999999998, 
20000   0.08844931999999998, 
30000   0.08216535999999999, 
50000   0.06951777000000002, 
100000  0.04509247499999999, 

[0.08800288, 0.0878576, 0.0923017, 0.09592004, 0.09589373000000001, 0.09378335999999998, 0.08844931999999998, 0.08216535999999999, 0.06951777000000002, 0.04509247499999999]

boosted:
50      0.0008085116, 
300     0.0008088753, 
1000    0.0008235391, 
2000    0.0008374581999999999, 
3000    0.0008352221000000001, 
10000   0.0008106519, 
20000   0.0007637739, 
30000   0.0007116687000000001, 
50000   0.0006169515000000001, 
100000  0.00043018916, 

[0.0008085116, 0.0008088753, 0.0008235391, 0.0008374581999999999, 0.0008352221000000001, 0.0008106519, 0.0007637739, 0.0007116687000000001, 0.0006169515000000001, 0.00043018916]